--------------------
BDMEP - INMET
--------------------
Estação           : CURITIBA - PR (OMM: 83842)
Latitude  (graus) : -25.43
Longitude (graus) : -49.26
Altitude  (metros): 923.50
Estação Operante
Inicio de operação: 01/01/1911
Periodo solicitado dos dados: 01/10/2010 a 01/10/2015
Os dados listados abaixo são os que encontram-se digitados no BDMEP
Hora em UTC
--------------------
Obs.: Os dados aparecem separados por ; (ponto e vírgula) no formato txt.
      Para o formato planilha XLS, siga as instruções
--------------------
﻿Data;DirecaoVento;VelocidadeVentoMedia;VelocidadeVentoMaximaMedia;EvaporacaoPiche;EvapoBHPotencial;EvapoBHReal;InsolacaoTotal;NebulosidadeMedia;PrecipitacaoTotal;PressaoMedia;TempMaximaMedia;TempCompensadaMedia;TempMinimaMedia;UmidadeRelativaMedia
31/10/2010;9;2.330108;6.6;56.9;63.677732;63.677732;133.1;7.731183;152.5;911.753763;22.158065;16.027097;12.467742;81.080645
30/11/2010;9;2.456667;5.8;83.7;83.930363;83.930363;192.6;6.533333;98.6;909.421111;25.063333;18.736667;14.673333;75.866667
31/12/2010;5;2.323656;5.3;54.6;97.639771;97.639771;129.8;8.129032;322.1;908.437634;25.209677;19.833548;16.512903;84.379032
31/01/2011;23;1.937634;4.1;57.6;114.147029;114.147029;131.9;7.290323;338.8;908.823656;27.774194;22.010968;18.729032;82.637097
28/02/2011;9;2.202381;5;56.6;96.595051;96.595051;112.7;7.857143;293.1;910.783333;27.035714;21.638571;18.685714;82.241071
31/03/2011;9;2.369892;4.8;45.5;80.486976;80.369485;78;8.139785;75.6;912.273118;23.270968;18.909677;16.441935;86.58871
30/04/2011;5;2.132222;6.5;54.2;70.047394;70.047394;123.2;7.244444;108.2;913.25;24.026667;18.569333;15.266667;82.141667
31/05/2011;9;2.017204;6.1;50.3;46.298835;45.525607;162.2;6.290323;33.6;914.983871;20.412903;14.775484;11.409677;82.346774
30/06/2011;23;1.946667;6.8;50.3;33.431397;33.431397;156.1;5.622222;108.8;914.098889;19.203333;12666;7.926667;80.608333
31/07/2011;9;1.934409;5.5;54.1;42.279866;42.279866;142;7.150538;147.1;914.723656;20.025806;14.132903;10.135484;83.217742
31/08/2011;9;2.683871;7.5;67.6;46.600286;46.600286;148;6.88172;260.9;914.163441;20.419355;14.573548;10.583871;79.782258
30/09/2011;9;2.401111;5.8;61.4;49.843649;49.843649;153.8;6.911111;59.9;916.045556;21.4;14.89;10.703333;79225
31/10/2011;9;2.782796;8.5;69.9;71.345562;71.345562;177.4;7.569892;191.9;911.421505;23.206452;17.382581;13.916129;81.403226
30/11/2011;9;2.54;7.5;70.3;74.786261;74.561116;191.3;7.511111;68;911.935556;23.92;17.680667;13.77;77.866667
31/12/2011;9;2.674194;6.5;97.3;97.429559;97.429559;177.8;7.236559;128.6;909.85914;25.583871;19.904516;15.925806;75.620968
31/01/2012;14;2.626882;6.1;74.7;99.682302;99.682302;199.2;7.075269;121;910.763441;26.329032;20.354839;16.690323;79
29/02/2012;9;2.133333;5;74.8;103.219762;103.219762;176.2;7.333333;198.8;911.727586;28.717241;22.197241;18.4;78.344828
31/03/2012;14;2.211828;5.6;99;88.074295;81.017778;233.3;5.451613;48;912.621505;27.016129;20.130323;15.619355;75.717742
30/04/2012;14;2.151111;5.6;61.7;67.991506;67.991506;160.2;7.311111;182.9;912.592222;23.98;18254;15.153333;82.033333
31/05/2012;9;2.058065;6.3;45.6;48.37008;48.37008;134.1;7.193548;61.8;915.770968;20.325806;15.196129;11.86129;85.645161
30/06/2012;5;1.928889;8;31.6;39.448513;39.448513;93.6;7.344444;225.5;914.916667;18.28;13998;11.19;88.316667
31/07/2012;32;2.22043;6.3;64.7;39.823027;39.823027;150.7;6.784946;108.9;915.139785;19.609677;13.627742;9.141935;80.975806
31/08/2012;5;2.164516;4.6;73.3;51.129778;49.323251;234.7;5.139785;31.5;918.530108;23.370968;15.945161;11.325806;77.862903
30/09/2012;9;2.514444;6.1;84.8;61.268226;61.268226;176.2;6.655556;62.8;915.395556;24.106667;16.773333;12.226667;75.908333
31/10/2012;9;2.541935;8.3;79.6;84.516713;84.516713;155.3;7.623656;160.1;912.176344;25.73871;19.226452;14.896774;76.790323
30/11/2012;9;2.491111;4.8;72.1;79.989844;79.4484;155.4;7.333333;69.4;911.27;24.956667;19.06;15.46;78.45
31/12/2012;32;2.389247;6.1;86;119.979473;119.979473;158.2;7.989247;254.6;910.095699;28.554839;22.610323;18.809677;78.08871
31/01/2013;9;2.646237;6.3;68.3;95.560887;94.040303;161.5;7.795699;77.6;911.805376;25.132258;19.907742;16.690323;80.451613
28/02/2013;5;2.542169;5;59.9;92.143037;92.143037;124.9;7.857143;197.7;911.635714;26.503571;21.128571;18075;81.8125
31/03/2013;9;2.224731;7.3;58;83.092686;83.092686;119.5;7.83871;134.4;912.562366;24.290323;19.370323;16.309677;83.629032
30/04/2013;9;1.95;5.6;61.2;64.378505;63.496973;183.7;6.233333;50.8;913.982222;23.71;17.682667;13.863333;80.9
31/05/2013;5;1.91828;8.8;62.2;51.747164;51.747164;137.1;6.150538;69.5;914.176344;21.935484;16.027742;12.167742;80.370968
30/06/2013;5;1.79;5.5;37.4;43.374743;43.374743;113.6;7.355556;308.9;914.552222;19.663333;14.843333;11.876667;87.658333
31/07/2013;5;1.864516;6.3;50.9;36.382054;36.382054;161.6;6.16129;181.8;916.458065;19.16129;12.910968;8.512903;81.959677
31/08/2013;5;2.265591;5.8;81.9;44.448802;44.323468;175.5;5.591398;39.4;915.473118;21.332258;14.217419;9.225806;75.870968
30/09/2013;5;2.254444;6.3;80.8;55.074429;55.074429;137.9;6.966667;197;914.614444;21.843333;15.796667;11.666667;78.908333
31/10/2013;5;2.809677;7.8;82.1;70.649274;70.649274;182;7.462366;103.5;913.511828;23.509677;17.314839;13.519355;78.653226
30/11/2013;5;2.654444;8;71.9;83.617433;83.617433;129.4;7.8;96.5;911.948889;24.526667;18.934667;15.26;80.641667
31/12/2013;9;2.475269;8.1;87.5;106.722561;92.942207;173.3;7.311828;49.2;909.865591;26.906452;21.207097;17.145161;76.532258
31/01/2014;5;2.327957;8.1;100;120.451294;120.451294;204.5;6.44086;242.5;912.412903;29.2;22.874194;18.632258;76.395161
28/02/2014;5;2.346429;5.8;88.6;102.735204;102.735204;182.6;6.369048;110.2;912.427381;28.621429;22.684286;18.685714;76.4375
31/03/2014;5;2.249462;5;67.2;90.511807;90.511807;165.3;7.666667;232;912.653763;25.754839;20.406452;17.103226;81.620968
30/04/2014;5;1.962222;4.8;46.9;67.503547;67.503547;104.5;8.288889;81;914.25;23.213333;18.229333;15.426667;85.15
31/05/2014;5;1.915054;7.6;54.1;53.430133;53.430133;137.8;7.731183;87.1;914.316129;21.019355;15.950968;12.86129;83.693548
30/06/2014;5;2.215556;6.5;43.7;45.388328;45.388328;124;7.766667;210.4;915.023333;20.313333;15166;12.166667;83.833333
31/07/2014;5;1.996774;6.8;55.4;40.771256;40.771256;150.4;6.612903;49;917.751613;19.574194;13.91871;10.274194;81.766129
31/08/2014;5;2.092473;7.1;91.3;52.73117;52.73117;212.3;4.83871;62.7;916.136559;22.867742;15.77871;10.616129;74.201613
30/09/2014;9;2.567778;6.6;68.6;63.00572;63.00572;145.5;7.133333;176.4;914.241111;23.006667;17.143333;13.66;81.408333
31/10/2014;5;2.517204;5;89.7;82.865554;82.865554;175.5;7.365591;116.8;914.492473;26.022581;19.020645;14.654839;75.169355
30/11/2014;5;2.54;5;74.6;87.4163;87.4163;151.7;7.633333;203.2;911.834444;25.203333;19362;15.89;79.633333
31/12/2014;5;2.598925;6.3;76.7;106.722561;106.722561;155;8.021505;155.6;911.494624;26.916129;21.170323;17.296774;78.677419
31/01/2015;27;2.449462;7.5;94.1;121.351602;121.351602;193;8;180.5;912.830108;29.080645;22.883871;18.954839;76.120968
28/02/2015;5;2.079762;4.6;60.1;94.372721;94.372721;140.8;8.238095;243.1;911.722619;27.2;21.441429;18.2;81.285714
31/03/2015;5;1.872043;4;54.9;90.511807;90.511807;127.9;7.989247;193.7;912.521505;25.587097;20.329677;17.383871;82.943548
30/04/2015;9;1.843333;5;56.6;68.135869;66.930955;151.1;7.566667;52.2;913.767778;24.033333;18.368667;15.06;81.916667
31/05/2015;5;1.9;4.6;43.4;52.305685;52.305685;123;7.860215;115.1;915.274194;20.619355;15.979355;13.367742;85.798387
30/06/2015;5;2.0375;7.1;56.4;43.874605;43.874605;162.3;6.522222;82.2;917.068889;21.056667;14.895333;10.7;81.066667
31/07/2015;27;1.912903;5.6;50.3;46.412583;46.412583;122.1;7.11828;189.5;915.206452;19.864516;14.956129;11.596774;83.975806
31/08/2015;5;2.203226;7.1;86.6;62.811833;56.796471;229.8;5.354839;26;915.805376;24.548387;17.402581;12.335484;73.725806
30/09/2015;5;2.371806;7.20216;;70.713031;70.713031;165;6.551724;129.7;911.993103;24.913793;18.102759;14.316667;79.4