1.850 27.8
1.350 26.65
1.400 23.25
0.850 23.05
0.500 22.35
0.650 21.35
1.100 22.05
1.350 22.65
1.950 22.8
2.400 22.45
1.800 22
2.500 21.85
2.950 21.4
1.900 21.25
1.350 21.45
1.350 20.9
1.250 20.35
1.750 20.05
2.000 20.6
2.500 21
1.700 19.05
2.400 20.05
3.050 20.45
3.700 20.45
3.450 19.9
2.950 19.5
2.400 19.4
2.400 18.25
2.850 18.75
3.250 19.05
3.950 19.6
2.700 17.8
3.450 18.05
3.800 18.55
4.000 19.1
4.450 19.9
4.650 19.15
4.850 18.45
4.300 18.05
3.350 17.3
3.700 16.3
4.400 16.95
4.250 17.4
4.800 17.65
5.250 18.25
5.750 18.55
5.300 19.25
6.050 19.55
6.500 18.9
6.050 18.2
5.600 17.8
5.450 17.15
5.050 16.55
4.550 16.05
4.950 15.45
5.850 14.8
5.600 15.3
5.650 16
5.950 16.8
6.250 16.4
6.100 17.45
6.600 17.65
6.650 18.3
7.300 18.35
7.850 18.3
7.150 17.8
7.600 17.7
6.700 17.25
7.300 17.25
6.700 16.8
7.300 16.65
6.750 16.3
7.400 16.2
6.550 15.75
7.350 15.8
6.800 14.95
7.450 15.1
6.850 14.45
7.600 14.6
8.550 14.65
8.200 15.5
7.900 16.1
8.050 16.5
7.800 17
8.000 17.45
8.400 18.1
8.650 17.75
8.900 17.1
8.400 17.1
8.650 16.65
8.450 16.05
8.850 15.35
9.600 15.3
9.150 16
10.20 16
9.500 16.65
10.75 16.6
10.45 17.2
9.850 17.1
9.400 17.6
10.15 17.7
9.850 18.15
9.050 18.25
9.300 18.7
9.150 19.15
8.500 18.8
11.65 17.45
11.10 17.65
10.40 18.25
10.00 18.95
11.95 18.25
11.25 18.4
10.60 18.9
11.15 19
11.90 18.85
12.60 18.9
11.80 19.45
11.05 19.45
10.30 19.4
9.900 19.75
10.45 20
13.05 19.9
12.50 19.75
11.90 20.05
11.20 20.25
10.85 20.85
11.40 21.25
11.70 20.6
12.30 20.45
12.95 20.55
12.55 20.95
12.05 21.25
11.75 22.1
12.25 21.85
12.80 21.5
13.55 21
13.60 21.6
12.95 22
12.50 22.25
12.20 22.85
12.70 23.35
13.00 22.7
13.55 22.2
14.05 22.25
14.20 23.05
14.10 23.6
13.50 22.8
13.35 23.5
13.30 24
7.300 19.15
7.950 19.35
7.700 20.05
6.750 19.9
5.250 20.35
6.150 20.7
7.000 20.7
7.600 21.2
8.550 20.6
9.350 20.5
8.300 21.45
7.900 21.6
7.150 21.75
6.700 21.3
5.200 21.1
6.200 21.95
6.750 22.4
6.150 22.5
5.650 22.2
4.650 22.55
4.100 23.45
5.350 22.8
7.400 22.6
7.750 22.1
8.500 22.3
9.300 22
9.700 22.95
8.800 22.95
8.050 22.9
7.600 23.15
6.850 23
6.200 23.25
5.700 23.4
5.100 23.55
4.550 24.15
5.500 24
6.100 24.05
6.500 23.6
6.750 23.95
7.300 23.75
8.300 23.4
8.900 23.7
9.550 23.65
10.35 24.1
7.950 24.05
3.950 24.4
3.750 25.25
3.900 25.95
4.550 26.65
5.250 26.75
6.500 27.6
7.450 27.6
8.350 27.35
9.250 27.2
9.950 26.5
10.55 25.6
9.900 24.95
9.200 24.5
8.550 24.2
8.800 24.8
9.200 25.35
9.550 26.05
9.050 26.6
8.800 25.8
8.150 26.35
8.050 25.8
8.350 25.2
7.900 25.3
8.050 24.7
7.300 24.4
7.550 24.85
6.850 24.45
6.250 24.65
5.550 24.5
4.650 25.1
5.000 25.55
5.550 26.1
5.550 25.25
6.200 25.2
6.800 25.05
7.400 25.25
6.650 25.45
6.150 25.8
6.500 26.1
6.600 26.6	
7.700 26.65
7.500 26.2
7.500 25.65
7.050 25.85
6.900 27.15
6.150 26.9